End of program.
executed instruction count: 156229182
elapsed time: 2.728430594s
57.26 MIPS
memory access count: 65159516
cache hit count: 65134765
cache hit rate: 99.96201%
---------- output ----------
0 80 0x50 P
1 51 0x33 3
2 10 0x0a 

3 49 0x31 1
4 54 0x36 6
5 32 0x20  
6 49 0x31 1
7 54 0x36 6
8 32 0x20  
9 50 0x32 2
10 53 0x35 5
11 53 0x35 5
12 10 0x0a 

13 50 0x32 2
14 52 0x34 4
15 32 0x20  
16 51 0x33 3
17 32 0x20  
18 51 0x33 3
19 10 0x0a 

20 50 0x32 2
21 51 0x33 3
22 32 0x20  
23 50 0x32 2
24 32 0x20  
25 50 0x32 2
26 10 0x0a 

27 50 0x32 2
28 51 0x33 3
29 32 0x20  
30 50 0x32 2
31 32 0x20  
32 50 0x32 2
33 10 0x0a 

34 50 0x32 2
35 50 0x32 2
36 32 0x20  
37 49 0x31 1
38 32 0x20  
39 49 0x31 1
40 10 0x0a 

41 50 0x32 2
42 50 0x32 2
43 32 0x20  
44 49 0x31 1
45 32 0x20  
46 49 0x31 1
47 10 0x0a 

48 50 0x32 2
49 49 0x31 1
50 32 0x20  
51 48 0x30 0
52 32 0x20  
53 48 0x30 0
54 10 0x0a 

55 50 0x32 2
56 49 0x31 1
57 32 0x20  
58 48 0x30 0
59 32 0x20  
60 48 0x30 0
61 10 0x0a 

62 50 0x32 2
63 49 0x31 1
64 32 0x20  
65 48 0x30 0
66 32 0x20  
67 48 0x30 0
68 10 0x0a 

69 50 0x32 2
70 49 0x31 1
71 32 0x20  
72 48 0x30 0
73 32 0x20  
74 48 0x30 0
75 10 0x0a 

76 50 0x32 2
77 49 0x31 1
78 32 0x20  
79 48 0x30 0
80 32 0x20  
81 48 0x30 0
82 10 0x0a 

83 50 0x32 2
84 49 0x31 1
85 32 0x20  
86 48 0x30 0
87 32 0x20  
88 48 0x30 0
89 10 0x0a 

90 50 0x32 2
91 49 0x31 1
92 32 0x20  
93 48 0x30 0
94 32 0x20  
95 48 0x30 0
96 10 0x0a 

97 50 0x32 2
98 49 0x31 1
99 32 0x20  
100 48 0x30 0
101 32 0x20  
102 48 0x30 0
103 10 0x0a 

104 50 0x32 2
105 49 0x31 1
106 32 0x20  
107 48 0x30 0
108 32 0x20  
109 48 0x30 0
110 10 0x0a 

111 50 0x32 2
112 49 0x31 1
113 32 0x20  
114 48 0x30 0
115 32 0x20  
116 48 0x30 0
117 10 0x0a 

118 50 0x32 2
119 49 0x31 1
120 32 0x20  
121 48 0x30 0
122 32 0x20  
123 48 0x30 0
124 10 0x0a 

125 50 0x32 2
126 51 0x33 3
127 32 0x20  
128 50 0x32 2
129 32 0x20  
130 50 0x32 2
131 10 0x0a 

132 50 0x32 2
133 51 0x33 3
134 32 0x20  
135 50 0x32 2
136 32 0x20  
137 50 0x32 2
138 10 0x0a 

139 50 0x32 2
140 50 0x32 2
141 32 0x20  
142 49 0x31 1
143 32 0x20  
144 49 0x31 1
145 10 0x0a 

146 50 0x32 2
147 50 0x32 2
148 32 0x20  
149 49 0x31 1
150 32 0x20  
151 49 0x31 1
152 10 0x0a 

153 50 0x32 2
154 49 0x31 1
155 32 0x20  
156 48 0x30 0
157 32 0x20  
158 48 0x30 0
159 10 0x0a 

160 50 0x32 2
161 49 0x31 1
162 32 0x20  
163 48 0x30 0
164 32 0x20  
165 48 0x30 0
166 10 0x0a 

167 50 0x32 2
168 49 0x31 1
169 32 0x20  
170 48 0x30 0
171 32 0x20  
172 48 0x30 0
173 10 0x0a 

174 50 0x32 2
175 49 0x31 1
176 32 0x20  
177 48 0x30 0
178 32 0x20  
179 48 0x30 0
180 10 0x0a 

181 50 0x32 2
182 49 0x31 1
183 32 0x20  
184 48 0x30 0
185 32 0x20  
186 48 0x30 0
187 10 0x0a 

188 50 0x32 2
189 49 0x31 1
190 32 0x20  
191 48 0x30 0
192 32 0x20  
193 48 0x30 0
194 10 0x0a 

195 50 0x32 2
196 49 0x31 1
197 32 0x20  
198 48 0x30 0
199 32 0x20  
200 48 0x30 0
201 10 0x0a 

202 50 0x32 2
203 49 0x31 1
204 32 0x20  
205 48 0x30 0
206 32 0x20  
207 48 0x30 0
208 10 0x0a 

209 50 0x32 2
210 49 0x31 1
211 32 0x20  
212 48 0x30 0
213 32 0x20  
214 48 0x30 0
215 10 0x0a 

216 50 0x32 2
217 49 0x31 1
218 32 0x20  
219 48 0x30 0
220 32 0x20  
221 48 0x30 0
222 10 0x0a 

223 50 0x32 2
224 49 0x31 1
225 32 0x20  
226 48 0x30 0
227 32 0x20  
228 48 0x30 0
229 10 0x0a 

230 50 0x32 2
231 49 0x31 1
232 32 0x20  
233 48 0x30 0
234 32 0x20  
235 48 0x30 0
236 10 0x0a 

237 50 0x32 2
238 50 0x32 2
239 32 0x20  
240 49 0x31 1
241 32 0x20  
242 49 0x31 1
243 10 0x0a 

244 50 0x32 2
245 50 0x32 2
246 32 0x20  
247 49 0x31 1
248 32 0x20  
249 49 0x31 1
250 10 0x0a 

251 49 0x31 1
252 57 0x39 9
253 54 0x36 6
254 32 0x20  
255 49 0x31 1
256 48 0x30 0
257 55 0x37 7
258 32 0x20  
259 56 0x38 8
260 10 0x0a 

261 50 0x32 2
262 49 0x31 1
263 32 0x20  
264 48 0x30 0
265 32 0x20  
266 48 0x30 0
267 10 0x0a 

268 50 0x32 2
269 49 0x31 1
270 32 0x20  
271 48 0x30 0
272 32 0x20  
273 48 0x30 0
274 10 0x0a 

275 50 0x32 2
276 49 0x31 1
277 32 0x20  
278 48 0x30 0
279 32 0x20  
280 48 0x30 0
281 10 0x0a 

282 50 0x32 2
283 49 0x31 1
284 32 0x20  
285 48 0x30 0
286 32 0x20  
287 48 0x30 0
288 10 0x0a 

289 50 0x32 2
290 53 0x35 5
291 53 0x35 5
292 32 0x20  
293 49 0x31 1
294 53 0x35 5
295 32 0x20  
296 50 0x32 2
297 53 0x35 5
298 49 0x31 1
299 10 0x0a 

300 49 0x31 1
301 55 0x37 7
302 49 0x31 1
303 32 0x20  
304 50 0x32 2
305 49 0x31 1
306 32 0x20  
307 49 0x31 1
308 52 0x34 4
309 49 0x31 1
310 10 0x0a 

311 50 0x32 2
312 49 0x31 1
313 32 0x20  
314 48 0x30 0
315 32 0x20  
316 48 0x30 0
317 10 0x0a 

318 50 0x32 2
319 49 0x31 1
320 32 0x20  
321 48 0x30 0
322 32 0x20  
323 48 0x30 0
324 10 0x0a 

325 50 0x32 2
326 49 0x31 1
327 32 0x20  
328 48 0x30 0
329 32 0x20  
330 48 0x30 0
331 10 0x0a 

332 50 0x32 2
333 49 0x31 1
334 32 0x20  
335 48 0x30 0
336 32 0x20  
337 48 0x30 0
338 10 0x0a 

339 50 0x32 2
340 53 0x35 5
341 53 0x35 5
342 32 0x20  
343 49 0x31 1
344 52 0x34 4
345 49 0x31 1
346 32 0x20  
347 50 0x32 2
348 53 0x35 5
349 53 0x35 5
350 10 0x0a 

351 50 0x32 2
352 49 0x31 1
353 32 0x20  
354 48 0x30 0
355 32 0x20  
356 48 0x30 0
357 10 0x0a 

358 50 0x32 2
359 49 0x31 1
360 32 0x20  
361 48 0x30 0
362 32 0x20  
363 48 0x30 0
364 10 0x0a 

365 50 0x32 2
366 50 0x32 2
367 32 0x20  
368 49 0x31 1
369 32 0x20  
370 49 0x31 1
371 10 0x0a 

372 49 0x31 1
373 51 0x33 3
374 49 0x31 1
375 32 0x20  
376 49 0x31 1
377 54 0x36 6
378 53 0x35 5
379 32 0x20  
380 53 0x35 5
381 10 0x0a 

382 50 0x32 2
383 53 0x35 5
384 53 0x35 5
385 32 0x20  
386 50 0x32 2
387 53 0x35 5
388 53 0x35 5
389 32 0x20  
390 49 0x31 1
391 53 0x35 5
392 52 0x34 4
393 10 0x0a 

394 49 0x31 1
395 50 0x32 2
396 55 0x37 7
397 32 0x20  
398 49 0x31 1
399 53 0x35 5
400 57 0x39 9
401 32 0x20  
402 56 0x38 8
403 10 0x0a 

404 50 0x32 2
405 49 0x31 1
406 32 0x20  
407 48 0x30 0
408 32 0x20  
409 48 0x30 0
410 10 0x0a 

411 50 0x32 2
412 49 0x31 1
413 32 0x20  
414 48 0x30 0
415 32 0x20  
416 48 0x30 0
417 10 0x0a 

418 50 0x32 2
419 49 0x31 1
420 32 0x20  
421 48 0x30 0
422 32 0x20  
423 48 0x30 0
424 10 0x0a 

425 50 0x32 2
426 49 0x31 1
427 32 0x20  
428 48 0x30 0
429 32 0x20  
430 48 0x30 0
431 10 0x0a 

432 50 0x32 2
433 55 0x37 7
434 32 0x20  
435 50 0x32 2
436 51 0x33 3
437 32 0x20  
438 52 0x34 4
439 51 0x33 3
440 10 0x0a 

441 50 0x32 2
442 49 0x31 1
443 32 0x20  
444 48 0x30 0
445 32 0x20  
446 48 0x30 0
447 10 0x0a 

448 50 0x32 2
449 49 0x31 1
450 32 0x20  
451 48 0x30 0
452 32 0x20  
453 48 0x30 0
454 10 0x0a 

455 50 0x32 2
456 49 0x31 1
457 32 0x20  
458 48 0x30 0
459 32 0x20  
460 48 0x30 0
461 10 0x0a 

462 50 0x32 2
463 53 0x35 5
464 53 0x35 5
465 32 0x20  
466 51 0x33 3
467 50 0x32 2
468 32 0x20  
469 50 0x32 2
470 53 0x35 5
471 53 0x35 5
472 10 0x0a 

473 50 0x32 2
474 53 0x35 5
475 53 0x35 5
476 32 0x20  
477 49 0x31 1
478 54 0x36 6
479 49 0x31 1
480 32 0x20  
481 50 0x32 2
482 53 0x35 5
483 53 0x35 5
484 10 0x0a 

485 49 0x31 1
486 49 0x31 1
487 51 0x33 3
488 32 0x20  
489 49 0x31 1
490 50 0x32 2
491 32 0x20  
492 49 0x31 1
493 50 0x32 2
494 53 0x35 5
495 10 0x0a 

496 50 0x32 2
497 49 0x31 1
498 32 0x20  
499 48 0x30 0
500 32 0x20  
501 48 0x30 0
502 10 0x0a 

503 50 0x32 2
504 49 0x31 1
505 32 0x20  
506 48 0x30 0
507 32 0x20  
508 48 0x30 0
509 10 0x0a 

510 50 0x32 2
511 56 0x38 8
512 32 0x20  
513 49 0x31 1
514 48 0x30 0
515 51 0x33 3
516 32 0x20  
517 49 0x31 1
518 49 0x31 1
519 56 0x38 8
520 10 0x0a 

521 49 0x31 1
522 54 0x36 6
523 55 0x37 7
524 32 0x20  
525 50 0x32 2
526 48 0x30 0
527 57 0x39 9
528 32 0x20  
529 50 0x32 2
530 57 0x39 9
531 10 0x0a 

532 49 0x31 1
533 54 0x36 6
534 50 0x32 2
535 32 0x20  
536 49 0x31 1
537 56 0x38 8
538 49 0x31 1
539 32 0x20  
540 53 0x35 5
541 51 0x33 3
542 10 0x0a 

543 50 0x32 2
544 49 0x31 1
545 32 0x20  
546 48 0x30 0
547 32 0x20  
548 48 0x30 0
549 10 0x0a 

550 50 0x32 2
551 49 0x31 1
552 32 0x20  
553 48 0x30 0
554 32 0x20  
555 48 0x30 0
556 10 0x0a 

557 50 0x32 2
558 49 0x31 1
559 32 0x20  
560 48 0x30 0
561 32 0x20  
562 48 0x30 0
563 10 0x0a 

564 50 0x32 2
565 49 0x31 1
566 32 0x20  
567 48 0x30 0
568 32 0x20  
569 48 0x30 0
570 10 0x0a 

571 50 0x32 2
572 49 0x31 1
573 32 0x20  
574 48 0x30 0
575 32 0x20  
576 48 0x30 0
577 10 0x0a 

578 50 0x32 2
579 49 0x31 1
580 32 0x20  
581 48 0x30 0
582 32 0x20  
583 48 0x30 0
584 10 0x0a 

585 50 0x32 2
586 49 0x31 1
587 32 0x20  
588 48 0x30 0
589 32 0x20  
590 48 0x30 0
591 10 0x0a 

592 50 0x32 2
593 49 0x31 1
594 32 0x20  
595 48 0x30 0
596 32 0x20  
597 48 0x30 0
598 10 0x0a 

599 52 0x34 4
600 48 0x30 0
601 32 0x20  
602 49 0x31 1
603 52 0x34 4
604 32 0x20  
605 53 0x35 5
606 55 0x37 7
607 10 0x0a 

608 56 0x38 8
609 56 0x38 8
610 32 0x20  
611 49 0x31 1
612 32 0x20  
613 56 0x38 8
614 56 0x38 8
615 10 0x0a 

616 50 0x32 2
617 49 0x31 1
618 32 0x20  
619 48 0x30 0
620 32 0x20  
621 48 0x30 0
622 10 0x0a 

623 50 0x32 2
624 49 0x31 1
625 32 0x20  
626 48 0x30 0
627 32 0x20  
628 48 0x30 0
629 10 0x0a 

630 50 0x32 2
631 53 0x35 5
632 53 0x35 5
633 32 0x20  
634 50 0x32 2
635 53 0x35 5
636 53 0x35 5
637 32 0x20  
638 50 0x32 2
639 51 0x33 3
640 56 0x38 8
641 10 0x0a 

642 50 0x32 2
643 50 0x32 2
644 32 0x20  
645 48 0x30 0
646 32 0x20  
647 48 0x30 0
648 10 0x0a 

649 57 0x39 9
650 50 0x32 2
651 32 0x20  
652 57 0x39 9
653 54 0x36 6
654 32 0x20  
655 48 0x30 0
656 10 0x0a 

657 55 0x37 7
658 51 0x33 3
659 32 0x20  
660 53 0x35 5
661 56 0x38 8
662 32 0x20  
663 48 0x30 0
664 10 0x0a 

665 50 0x32 2
666 53 0x35 5
667 32 0x20  
668 48 0x30 0
669 32 0x20  
670 49 0x31 1
671 10 0x0a 

672 50 0x32 2
673 53 0x35 5
674 48 0x30 0
675 32 0x20  
676 50 0x32 2
677 53 0x35 5
678 53 0x35 5
679 32 0x20  
680 50 0x32 2
681 50 0x32 2
682 52 0x34 4
683 10 0x0a 

684 50 0x32 2
685 53 0x35 5
686 48 0x30 0
687 32 0x20  
688 50 0x32 2
689 32 0x20  
690 50 0x32 2
691 50 0x32 2
692 51 0x33 3
693 10 0x0a 

694 50 0x32 2
695 49 0x31 1
696 32 0x20  
697 48 0x30 0
698 32 0x20  
699 48 0x30 0
700 10 0x0a 

701 50 0x32 2
702 49 0x31 1
703 32 0x20  
704 48 0x30 0
705 32 0x20  
706 48 0x30 0
707 10 0x0a 

708 50 0x32 2
709 49 0x31 1
710 57 0x39 9
711 32 0x20  
712 50 0x32 2
713 53 0x35 5
714 53 0x35 5
715 32 0x20  
716 54 0x36 6
717 10 0x0a 

718 50 0x32 2
719 51 0x33 3
720 49 0x31 1
721 32 0x20  
722 50 0x32 2
723 53 0x35 5
724 53 0x35 5
725 32 0x20  
726 49 0x31 1
727 49 0x31 1
728 10 0x0a 

729 50 0x32 2
730 49 0x31 1
731 50 0x32 2
732 32 0x20  
733 49 0x31 1
734 50 0x32 2
735 57 0x39 9
736 32 0x20  
737 51 0x33 3
738 10 0x0a 

739 50 0x32 2
740 53 0x35 5
741 53 0x35 5
742 32 0x20  
743 49 0x31 1
744 54 0x36 6
745 56 0x38 8
746 32 0x20  
747 48 0x30 0
748 10 0x0a 

749 50 0x32 2
750 49 0x31 1
751 32 0x20  
752 48 0x30 0
753 32 0x20  
754 48 0x30 0
755 10 0x0a 

756 50 0x32 2
757 49 0x31 1
758 32 0x20  
759 48 0x30 0
760 32 0x20  
761 48 0x30 0
762 10 0x0a 

763 50 0x32 2
764 49 0x31 1
765 32 0x20  
766 48 0x30 0
767 32 0x20  
768 48 0x30 0
769 10 0x0a 

770 50 0x32 2
771 53 0x35 5
772 53 0x35 5
773 32 0x20  
774 50 0x32 2
775 53 0x35 5
776 53 0x35 5
777 32 0x20  
778 50 0x32 2
779 51 0x33 3
780 50 0x32 2
781 10 0x0a 

782 50 0x32 2
783 53 0x35 5
784 53 0x35 5
785 32 0x20  
786 57 0x39 9
787 32 0x20  
788 50 0x32 2
789 51 0x33 3
790 48 0x30 0
791 10 0x0a 

792 50 0x32 2
793 53 0x35 5
794 53 0x35 5
795 32 0x20  
796 50 0x32 2
797 53 0x35 5
798 53 0x35 5
799 32 0x20  
800 50 0x32 2
801 50 0x32 2
802 57 0x39 9
803 10 0x0a 

804 50 0x32 2
805 53 0x35 5
806 52 0x34 4
807 32 0x20  
808 54 0x36 6
809 32 0x20  
810 50 0x32 2
811 50 0x32 2
812 55 0x37 7
813 10 0x0a 

814 50 0x32 2
815 53 0x35 5
816 51 0x33 3
817 32 0x20  
818 53 0x35 5
819 32 0x20  
820 50 0x32 2
821 50 0x32 2
822 54 0x36 6
823 10 0x0a 

824 50 0x32 2
825 53 0x35 5
826 50 0x32 2
827 32 0x20  
828 50 0x32 2
829 53 0x35 5
830 53 0x35 5
831 32 0x20  
832 50 0x32 2
833 50 0x32 2
834 53 0x35 5
835 10 0x0a 

836 50 0x32 2
837 53 0x35 5
838 49 0x31 1
839 32 0x20  
840 51 0x33 3
841 32 0x20  
842 50 0x32 2
843 50 0x32 2
844 52 0x34 4
845 10 0x0a 

846 50 0x32 2
847 53 0x35 5
848 48 0x30 0
849 32 0x20  
850 50 0x32 2
851 53 0x35 5
852 53 0x35 5
853 32 0x20  
854 50 0x32 2
855 50 0x32 2
856 51 0x33 3
857 10 0x0a 

858 49 0x31 1
859 57 0x39 9
860 51 0x33 3
861 32 0x20  
862 50 0x32 2
863 53 0x35 5
864 53 0x35 5
865 32 0x20  
866 56 0x38 8
867 10 0x0a 

868 50 0x32 2
869 51 0x33 3
870 53 0x35 5
871 32 0x20  
872 50 0x32 2
873 53 0x35 5
874 53 0x35 5
875 32 0x20  
876 51 0x33 3
877 56 0x38 8
878 10 0x0a 

879 50 0x32 2
880 53 0x35 5
881 53 0x35 5
882 32 0x20  
883 50 0x32 2
884 53 0x35 5
885 53 0x35 5
886 32 0x20  
887 55 0x37 7
888 54 0x36 6
889 10 0x0a 

890 50 0x32 2
891 53 0x35 5
892 53 0x35 5
893 32 0x20  
894 50 0x32 2
895 53 0x35 5
896 53 0x35 5
897 32 0x20  
898 49 0x31 1
899 48 0x30 0
900 52 0x34 4
901 10 0x0a 

902 50 0x32 2
903 53 0x35 5
904 53 0x35 5
905 32 0x20  
906 50 0x32 2
907 53 0x35 5
908 53 0x35 5
909 32 0x20  
910 52 0x34 4
911 50 0x32 2
912 10 0x0a 

913 50 0x32 2
914 53 0x35 5
915 53 0x35 5
916 32 0x20  
917 49 0x31 1
918 56 0x38 8
919 54 0x36 6
920 32 0x20  
921 54 0x36 6
922 10 0x0a 

923 50 0x32 2
924 49 0x31 1
925 32 0x20  
926 48 0x30 0
927 32 0x20  
928 48 0x30 0
929 10 0x0a 

930 50 0x32 2
931 49 0x31 1
932 32 0x20  
933 48 0x30 0
934 32 0x20  
935 48 0x30 0
936 10 0x0a 

937 50 0x32 2
938 53 0x35 5
939 53 0x35 5
940 32 0x20  
941 50 0x32 2
942 53 0x35 5
943 53 0x35 5
944 32 0x20  
945 50 0x32 2
946 51 0x33 3
947 53 0x35 5
948 10 0x0a 

949 50 0x32 2
950 53 0x35 5
951 53 0x35 5
952 32 0x20  
953 49 0x31 1
954 50 0x32 2
955 32 0x20  
956 50 0x32 2
957 51 0x33 3
958 51 0x33 3
959 10 0x0a 

960 50 0x32 2
961 53 0x35 5
962 53 0x35 5
963 32 0x20  
964 50 0x32 2
965 53 0x35 5
966 53 0x35 5
967 32 0x20  
968 50 0x32 2
969 51 0x33 3
970 49 0x31 1
971 10 0x0a 

972 50 0x32 2
973 53 0x35 5
974 53 0x35 5
975 32 0x20  
976 50 0x32 2
977 53 0x35 5
978 53 0x35 5
979 32 0x20  
980 50 0x32 2
981 50 0x32 2
982 57 0x39 9
983 10 0x0a 

984 50 0x32 2
985 53 0x35 5
986 53 0x35 5
987 32 0x20  
988 55 0x37 7
989 32 0x20  
990 50 0x32 2
991 50 0x32 2
992 56 0x38 8
993 10 0x0a 

994 50 0x32 2
995 53 0x35 5
996 51 0x33 3
997 32 0x20  
998 53 0x35 5
999 32 0x20  
1000 50 0x32 2
1001 50 0x32 2
1002 54 0x36 6
1003 10 0x0a 

1004 50 0x32 2
1005 53 0x35 5
1006 53 0x35 5
1007 32 0x20  
1008 50 0x32 2
1009 32 0x20  
1010 50 0x32 2
1011 53 0x35 5
1012 53 0x35 5
1013 10 0x0a 

1014 50 0x32 2
1015 53 0x35 5
1016 53 0x35 5
1017 32 0x20  
1018 49 0x31 1
1019 32 0x20  
1020 50 0x32 2
1021 53 0x35 5
1022 53 0x35 5
1023 10 0x0a 

1024 49 0x31 1
1025 52 0x34 4
1026 56 0x38 8
1027 32 0x20  
1028 49 0x31 1
1029 51 0x33 3
1030 51 0x33 3
1031 32 0x20  
1032 50 0x32 2
1033 53 0x35 5
1034 51 0x33 3
1035 10 0x0a 

1036 49 0x31 1
1037 51 0x33 3
1038 51 0x33 3
1039 32 0x20  
1040 50 0x32 2
1041 48 0x30 0
1042 52 0x34 4
1043 32 0x20  
1044 49 0x31 1
1045 10 0x0a 

1046 50 0x32 2
1047 51 0x33 3
1048 51 0x33 3
1049 32 0x20  
1050 50 0x32 2
1051 53 0x35 5
1052 53 0x35 5
1053 32 0x20  
1054 52 0x34 4
1055 56 0x38 8
1056 10 0x0a 

1057 50 0x32 2
1058 53 0x35 5
1059 53 0x35 5
1060 32 0x20  
1061 50 0x32 2
1062 53 0x35 5
1063 53 0x35 5
1064 32 0x20  
1065 49 0x31 1
1066 48 0x30 0
1067 49 0x31 1
1068 10 0x0a 

1069 50 0x32 2
1070 53 0x35 5
1071 53 0x35 5
1072 32 0x20  
1073 50 0x32 2
1074 53 0x35 5
1075 53 0x35 5
1076 32 0x20  
1077 49 0x31 1
1078 56 0x38 8
1079 55 0x37 7
1080 10 0x0a 

1081 50 0x32 2
1082 53 0x35 5
1083 53 0x35 5
1084 32 0x20  
1085 50 0x32 2
1086 53 0x35 5
1087 53 0x35 5
1088 32 0x20  
1089 49 0x31 1
1090 48 0x30 0
1091 55 0x37 7
1092 10 0x0a 

1093 55 0x37 7
1094 53 0x35 5
1095 32 0x20  
1096 49 0x31 1
1097 49 0x31 1
1098 56 0x38 8
1099 32 0x20  
1100 48 0x30 0
1101 10 0x0a 

1102 50 0x32 2
1103 49 0x31 1
1104 32 0x20  
1105 48 0x30 0
1106 32 0x20  
1107 48 0x30 0
1108 10 0x0a 

1109 50 0x32 2
1110 53 0x35 5
1111 53 0x35 5
1112 32 0x20  
1113 56 0x38 8
1114 32 0x20  
1115 50 0x32 2
1116 53 0x35 5
1117 53 0x35 5
1118 10 0x0a 

1119 50 0x32 2
1120 53 0x35 5
1121 53 0x35 5
1122 32 0x20  
1123 55 0x37 7
1124 32 0x20  
1125 50 0x32 2
1126 53 0x35 5
1127 53 0x35 5
1128 10 0x0a 

1129 50 0x32 2
1130 53 0x35 5
1131 53 0x35 5
1132 32 0x20  
1133 50 0x32 2
1134 53 0x35 5
1135 53 0x35 5
1136 32 0x20  
1137 50 0x32 2
1138 53 0x35 5
1139 53 0x35 5
1140 10 0x0a 

1141 50 0x32 2
1142 53 0x35 5
1143 53 0x35 5
1144 32 0x20  
1145 53 0x35 5
1146 32 0x20  
1147 50 0x32 2
1148 53 0x35 5
1149 53 0x35 5
1150 10 0x0a 

1151 50 0x32 2
1152 53 0x35 5
1153 53 0x35 5
1154 32 0x20  
1155 52 0x34 4
1156 32 0x20  
1157 50 0x32 2
1158 53 0x35 5
1159 53 0x35 5
1160 10 0x0a 

1161 50 0x32 2
1162 53 0x35 5
1163 53 0x35 5
1164 32 0x20  
1165 51 0x33 3
1166 32 0x20  
1167 50 0x32 2
1168 53 0x35 5
1169 53 0x35 5
1170 10 0x0a 

1171 50 0x32 2
1172 53 0x35 5
1173 53 0x35 5
1174 32 0x20  
1175 51 0x33 3
1176 32 0x20  
1177 50 0x32 2
1178 53 0x35 5
1179 53 0x35 5
1180 10 0x0a 

1181 50 0x32 2
1182 53 0x35 5
1183 53 0x35 5
1184 32 0x20  
1185 50 0x32 2
1186 32 0x20  
1187 50 0x32 2
1188 53 0x35 5
1189 53 0x35 5
1190 10 0x0a 

1191 49 0x31 1
1192 55 0x37 7
1193 32 0x20  
1194 50 0x32 2
1195 32 0x20  
1196 54 0x36 6
1197 56 0x38 8
1198 10 0x0a 

1199 49 0x31 1
1200 51 0x33 3
1201 53 0x35 5
1202 32 0x20  
1203 50 0x32 2
1204 48 0x30 0
1205 54 0x36 6
1206 32 0x20  
1207 48 0x30 0
1208 10 0x0a 

1209 49 0x31 1
1210 51 0x33 3
1211 32 0x20  
1212 51 0x33 3
1213 56 0x38 8
1214 32 0x20  
1215 48 0x30 0
1216 10 0x0a 

1217 55 0x37 7
1218 32 0x20  
1219 50 0x32 2
1220 53 0x35 5
1221 53 0x35 5
1222 32 0x20  
1223 50 0x32 2
1224 53 0x35 5
1225 53 0x35 5
1226 10 0x0a 

1227 50 0x32 2
1228 57 0x39 9
1229 32 0x20  
1230 50 0x32 2
1231 53 0x35 5
1232 53 0x35 5
1233 32 0x20  
1234 50 0x32 2
1235 53 0x35 5
1236 53 0x35 5
1237 10 0x0a 

1238 49 0x31 1
1239 50 0x32 2
1240 32 0x20  
1241 50 0x32 2
1242 53 0x35 5
1243 53 0x35 5
1244 32 0x20  
1245 50 0x32 2
1246 53 0x35 5
1247 53 0x35 5
1248 10 0x0a 

1249 50 0x32 2
1250 51 0x33 3
1251 51 0x33 3
1252 32 0x20  
1253 50 0x32 2
1254 53 0x35 5
1255 53 0x35 5
1256 32 0x20  
1257 54 0x36 6
1258 54 0x36 6
1259 10 0x0a 

1260 48 0x30 0
1261 32 0x20  
1262 49 0x31 1
1263 52 0x34 4
1264 55 0x37 7
1265 32 0x20  
1266 49 0x31 1
1267 52 0x34 4
1268 55 0x37 7
1269 10 0x0a 

1270 50 0x32 2
1271 53 0x35 5
1272 53 0x35 5
1273 32 0x20  
1274 50 0x32 2
1275 53 0x35 5
1276 53 0x35 5
1277 32 0x20  
1278 50 0x32 2
1279 53 0x35 5
1280 53 0x35 5
1281 10 0x0a 

1282 50 0x32 2
1283 53 0x35 5
1284 53 0x35 5
1285 32 0x20  
1286 50 0x32 2
1287 53 0x35 5
1288 53 0x35 5
1289 32 0x20  
1290 50 0x32 2
1291 53 0x35 5
1292 53 0x35 5
1293 10 0x0a 

1294 50 0x32 2
1295 53 0x35 5
1296 53 0x35 5
1297 32 0x20  
1298 56 0x38 8
1299 32 0x20  
1300 50 0x32 2
1301 53 0x35 5
1302 53 0x35 5
1303 10 0x0a 

1304 50 0x32 2
1305 53 0x35 5
1306 53 0x35 5
1307 32 0x20  
1308 54 0x36 6
1309 32 0x20  
1310 50 0x32 2
1311 53 0x35 5
1312 53 0x35 5
1313 10 0x0a 

1314 50 0x32 2
1315 53 0x35 5
1316 53 0x35 5
1317 32 0x20  
1318 50 0x32 2
1319 53 0x35 5
1320 53 0x35 5
1321 32 0x20  
1322 50 0x32 2
1323 53 0x35 5
1324 53 0x35 5
1325 10 0x0a 

1326 50 0x32 2
1327 53 0x35 5
1328 53 0x35 5
1329 32 0x20  
1330 52 0x34 4
1331 32 0x20  
1332 50 0x32 2
1333 53 0x35 5
1334 53 0x35 5
1335 10 0x0a 

1336 50 0x32 2
1337 53 0x35 5
1338 53 0x35 5
1339 32 0x20  
1340 51 0x33 3
1341 32 0x20  
1342 50 0x32 2
1343 53 0x35 5
1344 53 0x35 5
1345 10 0x0a 

1346 50 0x32 2
1347 53 0x35 5
1348 53 0x35 5
1349 32 0x20  
1350 51 0x33 3
1351 32 0x20  
1352 50 0x32 2
1353 53 0x35 5
1354 53 0x35 5
1355 10 0x0a 

1356 49 0x31 1
1357 51 0x33 3
1358 48 0x30 0
1359 32 0x20  
1360 50 0x32 2
1361 32 0x20  
1362 49 0x31 1
1363 50 0x32 2
1364 53 0x35 5
1365 10 0x0a 

1366 53 0x35 5
1367 53 0x35 5
1368 32 0x20  
1369 48 0x30 0
1370 32 0x20  
1371 48 0x30 0
1372 10 0x0a 

1373 48 0x30 0
1374 32 0x20  
1375 50 0x32 2
1376 48 0x30 0
1377 53 0x35 5
1378 32 0x20  
1379 50 0x32 2
1380 49 0x31 1
1381 55 0x37 7
1382 10 0x0a 

1383 48 0x30 0
1384 32 0x20  
1385 50 0x32 2
1386 52 0x34 4
1387 32 0x20  
1388 50 0x32 2
1389 56 0x38 8
1390 10 0x0a 

1391 48 0x30 0
1392 32 0x20  
1393 50 0x32 2
1394 48 0x30 0
1395 49 0x31 1
1396 32 0x20  
1397 50 0x32 2
1398 48 0x30 0
1399 57 0x39 9
1400 10 0x0a 

1401 57 0x39 9
1402 51 0x33 3
1403 32 0x20  
1404 50 0x32 2
1405 53 0x35 5
1406 53 0x35 5
1407 32 0x20  
1408 50 0x32 2
1409 53 0x35 5
1410 53 0x35 5
1411 10 0x0a 

1412 49 0x31 1
1413 50 0x32 2
1414 32 0x20  
1415 50 0x32 2
1416 51 0x33 3
1417 51 0x33 3
1418 32 0x20  
1419 50 0x32 2
1420 51 0x33 3
1421 50 0x32 2
1422 10 0x0a 

1423 48 0x30 0
1424 32 0x20  
1425 49 0x31 1
1426 53 0x35 5
1427 49 0x31 1
1428 32 0x20  
1429 49 0x31 1
1430 53 0x35 5
1431 49 0x31 1
1432 10 0x0a 

1433 50 0x32 2
1434 49 0x31 1
1435 32 0x20  
1436 48 0x30 0
1437 32 0x20  
1438 48 0x30 0
1439 10 0x0a 

1440 50 0x32 2
1441 53 0x35 5
1442 53 0x35 5
1443 32 0x20  
1444 50 0x32 2
1445 53 0x35 5
1446 53 0x35 5
1447 32 0x20  
1448 50 0x32 2
1449 53 0x35 5
1450 53 0x35 5
1451 10 0x0a 

1452 50 0x32 2
1453 53 0x35 5
1454 53 0x35 5
1455 32 0x20  
1456 50 0x32 2
1457 53 0x35 5
1458 53 0x35 5
1459 32 0x20  
1460 50 0x32 2
1461 53 0x35 5
1462 53 0x35 5
1463 10 0x0a 

1464 50 0x32 2
1465 53 0x35 5
1466 53 0x35 5
1467 32 0x20  
1468 56 0x38 8
1469 32 0x20  
1470 50 0x32 2
1471 53 0x35 5
1472 53 0x35 5
1473 10 0x0a 

1474 50 0x32 2
1475 53 0x35 5
1476 53 0x35 5
1477 32 0x20  
1478 55 0x37 7
1479 32 0x20  
1480 50 0x32 2
1481 53 0x35 5
1482 53 0x35 5
1483 10 0x0a 

1484 50 0x32 2
1485 53 0x35 5
1486 53 0x35 5
1487 32 0x20  
1488 54 0x36 6
1489 32 0x20  
1490 50 0x32 2
1491 53 0x35 5
1492 53 0x35 5
1493 10 0x0a 

1494 50 0x32 2
1495 53 0x35 5
1496 53 0x35 5
1497 32 0x20  
1498 50 0x32 2
1499 53 0x35 5
1500 53 0x35 5
1501 32 0x20  
1502 50 0x32 2
1503 53 0x35 5
1504 53 0x35 5
1505 10 0x0a 

1506 50 0x32 2
1507 53 0x35 5
1508 53 0x35 5
1509 32 0x20  
1510 52 0x34 4
1511 32 0x20  
1512 50 0x32 2
1513 53 0x35 5
1514 53 0x35 5
1515 10 0x0a 

1516 50 0x32 2
1517 53 0x35 5
1518 53 0x35 5
1519 32 0x20  
1520 51 0x33 3
1521 32 0x20  
1522 50 0x32 2
1523 53 0x35 5
1524 53 0x35 5
1525 10 0x0a 

1526 49 0x31 1
1527 53 0x35 5
1528 53 0x35 5
1529 32 0x20  
1530 49 0x31 1
1531 57 0x39 9
1532 53 0x35 5
1533 32 0x20  
1534 49 0x31 1
1535 53 0x35 5
1536 51 0x33 3
1537 10 0x0a 

1538 48 0x30 0
1539 32 0x20  
1540 50 0x32 2
1541 49 0x31 1
1542 50 0x32 2
1543 32 0x20  
1544 50 0x32 2
1545 50 0x32 2
1546 53 0x35 5
1547 10 0x0a 

1548 50 0x32 2
1549 53 0x35 5
1550 53 0x35 5
1551 32 0x20  
1552 50 0x32 2
1553 52 0x34 4
1554 55 0x37 7
1555 32 0x20  
1556 50 0x32 2
1557 52 0x34 4
1558 56 0x38 8
1559 10 0x0a 

1560 48 0x30 0
1561 32 0x20  
1562 50 0x32 2
1563 48 0x30 0
1564 52 0x34 4
1565 32 0x20  
1566 50 0x32 2
1567 49 0x31 1
1568 50 0x32 2
1569 10 0x0a 

1570 53 0x35 5
1571 54 0x36 6
1572 32 0x20  
1573 50 0x32 2
1574 53 0x35 5
1575 53 0x35 5
1576 32 0x20  
1577 50 0x32 2
1578 53 0x35 5
1579 53 0x35 5
1580 10 0x0a 

1581 51 0x33 3
1582 32 0x20  
1583 49 0x31 1
1584 54 0x36 6
1585 49 0x31 1
1586 32 0x20  
1587 49 0x31 1
1588 54 0x36 6
1589 50 0x32 2
1590 10 0x0a 

1591 48 0x30 0
1592 32 0x20  
1593 49 0x31 1
1594 50 0x32 2
1595 53 0x35 5
1596 32 0x20  
1597 49 0x31 1
1598 50 0x32 2
1599 54 0x36 6
1600 10 0x0a 

1601 50 0x32 2
1602 49 0x31 1
1603 32 0x20  
1604 48 0x30 0
1605 32 0x20  
1606 48 0x30 0
1607 10 0x0a 

1608 49 0x31 1
1609 56 0x38 8
1610 53 0x35 5
1611 32 0x20  
1612 48 0x30 0
1613 32 0x20  
1614 49 0x31 1
1615 55 0x37 7
1616 55 0x37 7
1617 10 0x0a 

1618 50 0x32 2
1619 53 0x35 5
1620 53 0x35 5
1621 32 0x20  
1622 49 0x31 1
1623 49 0x31 1
1624 32 0x20  
1625 50 0x32 2
1626 53 0x35 5
1627 53 0x35 5
1628 10 0x0a 

1629 50 0x32 2
1630 53 0x35 5
1631 53 0x35 5
1632 32 0x20  
1633 49 0x31 1
1634 48 0x30 0
1635 32 0x20  
1636 50 0x32 2
1637 53 0x35 5
1638 53 0x35 5
1639 10 0x0a 

1640 50 0x32 2
1641 53 0x35 5
1642 53 0x35 5
1643 32 0x20  
1644 56 0x38 8
1645 32 0x20  
1646 50 0x32 2
1647 53 0x35 5
1648 53 0x35 5
1649 10 0x0a 

1650 50 0x32 2
1651 53 0x35 5
1652 53 0x35 5
1653 32 0x20  
1654 50 0x32 2
1655 53 0x35 5
1656 53 0x35 5
1657 32 0x20  
1658 50 0x32 2
1659 53 0x35 5
1660 53 0x35 5
1661 10 0x0a 

1662 50 0x32 2
1663 53 0x35 5
1664 53 0x35 5
1665 32 0x20  
1666 50 0x32 2
1667 53 0x35 5
1668 53 0x35 5
1669 32 0x20  
1670 50 0x32 2
1671 53 0x35 5
1672 53 0x35 5
1673 10 0x0a 

1674 50 0x32 2
1675 53 0x35 5
1676 53 0x35 5
1677 32 0x20  
1678 53 0x35 5
1679 32 0x20  
1680 50 0x32 2
1681 53 0x35 5
1682 53 0x35 5
1683 10 0x0a 

1684 50 0x32 2
1685 53 0x35 5
1686 53 0x35 5
1687 32 0x20  
1688 52 0x34 4
1689 32 0x20  
1690 50 0x32 2
1691 53 0x35 5
1692 53 0x35 5
1693 10 0x0a 

1694 50 0x32 2
1695 53 0x35 5
1696 53 0x35 5
1697 32 0x20  
1698 51 0x33 3
1699 32 0x20  
1700 50 0x32 2
1701 53 0x35 5
1702 53 0x35 5
1703 10 0x0a 

1704 50 0x32 2
1705 53 0x35 5
1706 53 0x35 5
1707 32 0x20  
1708 50 0x32 2
1709 53 0x35 5
1710 53 0x35 5
1711 32 0x20  
1712 50 0x32 2
1713 53 0x35 5
1714 53 0x35 5
1715 10 0x0a 

1716 48 0x30 0
1717 32 0x20  
1718 56 0x38 8
1719 51 0x33 3
1720 32 0x20  
1721 56 0x38 8
1722 51 0x33 3
1723 10 0x0a 

1724 48 0x30 0
1725 32 0x20  
1726 50 0x32 2
1727 32 0x20  
1728 50 0x32 2
1729 10 0x0a 

1730 48 0x30 0
1731 32 0x20  
1732 49 0x31 1
1733 51 0x33 3
1734 57 0x39 9
1735 32 0x20  
1736 49 0x31 1
1737 52 0x34 4
1738 52 0x34 4
1739 10 0x0a 

1740 48 0x30 0
1741 32 0x20  
1742 49 0x31 1
1743 50 0x32 2
1744 48 0x30 0
1745 32 0x20  
1746 49 0x31 1
1747 50 0x32 2
1748 55 0x37 7
1749 10 0x0a 

1750 48 0x30 0
1751 32 0x20  
1752 55 0x37 7
1753 56 0x38 8
1754 32 0x20  
1755 56 0x38 8
1756 53 0x35 5
1757 10 0x0a 

1758 50 0x32 2
1759 49 0x31 1
1760 32 0x20  
1761 48 0x30 0
1762 32 0x20  
1763 48 0x30 0
1764 10 0x0a 

1765 50 0x32 2
1766 49 0x31 1
1767 32 0x20  
1768 48 0x30 0
1769 32 0x20  
1770 48 0x30 0
1771 10 0x0a 

1772 49 0x31 1
1773 56 0x38 8
1774 53 0x35 5
1775 32 0x20  
1776 50 0x32 2
1777 50 0x32 2
1778 54 0x36 6
1779 32 0x20  
1780 49 0x31 1
1781 55 0x37 7
1782 55 0x37 7
1783 10 0x0a 

1784 50 0x32 2
1785 53 0x35 5
1786 53 0x35 5
1787 32 0x20  
1788 50 0x32 2
1789 53 0x35 5
1790 53 0x35 5
1791 32 0x20  
1792 50 0x32 2
1793 53 0x35 5
1794 53 0x35 5
1795 10 0x0a 

1796 50 0x32 2
1797 53 0x35 5
1798 53 0x35 5
1799 32 0x20  
1800 50 0x32 2
1801 53 0x35 5
1802 53 0x35 5
1803 32 0x20  
1804 50 0x32 2
1805 53 0x35 5
1806 53 0x35 5
1807 10 0x0a 

1808 50 0x32 2
1809 53 0x35 5
1810 53 0x35 5
1811 32 0x20  
1812 56 0x38 8
1813 32 0x20  
1814 50 0x32 2
1815 53 0x35 5
1816 53 0x35 5
1817 10 0x0a 

1818 50 0x32 2
1819 53 0x35 5
1820 53 0x35 5
1821 32 0x20  
1822 55 0x37 7
1823 32 0x20  
1824 50 0x32 2
1825 53 0x35 5
1826 53 0x35 5
1827 10 0x0a 

1828 50 0x32 2
1829 53 0x35 5
1830 53 0x35 5
1831 32 0x20  
1832 50 0x32 2
1833 53 0x35 5
1834 53 0x35 5
1835 32 0x20  
1836 50 0x32 2
1837 53 0x35 5
1838 53 0x35 5
1839 10 0x0a 

1840 50 0x32 2
1841 53 0x35 5
1842 53 0x35 5
1843 32 0x20  
1844 50 0x32 2
1845 53 0x35 5
1846 53 0x35 5
1847 32 0x20  
1848 50 0x32 2
1849 53 0x35 5
1850 53 0x35 5
1851 10 0x0a 

1852 50 0x32 2
1853 53 0x35 5
1854 53 0x35 5
1855 32 0x20  
1856 50 0x32 2
1857 53 0x35 5
1858 53 0x35 5
1859 32 0x20  
1860 50 0x32 2
1861 53 0x35 5
1862 53 0x35 5
1863 10 0x0a 

1864 50 0x32 2
1865 53 0x35 5
1866 53 0x35 5
1867 32 0x20  
1868 51 0x33 3
1869 32 0x20  
1870 50 0x32 2
1871 53 0x35 5
1872 53 0x35 5
1873 10 0x0a 

1874 48 0x30 0
1875 32 0x20  
1876 50 0x32 2
1877 50 0x32 2
1878 49 0x31 1
1879 32 0x20  
1880 50 0x32 2
1881 51 0x33 3
1882 57 0x39 9
1883 10 0x0a 

1884 48 0x30 0
1885 32 0x20  
1886 50 0x32 2
1887 49 0x31 1
1888 57 0x39 9
1889 32 0x20  
1890 50 0x32 2
1891 51 0x33 3
1892 48 0x30 0
1893 10 0x0a 

1894 48 0x30 0
1895 32 0x20  
1896 56 0x38 8
1897 51 0x33 3
1898 32 0x20  
1899 49 0x31 1
1900 48 0x30 0
1901 49 0x31 1
1902 10 0x0a 

1903 48 0x30 0
1904 32 0x20  
1905 52 0x34 4
1906 57 0x39 9
1907 32 0x20  
1908 55 0x37 7
1909 52 0x34 4
1910 10 0x0a 

1911 51 0x33 3
1912 32 0x20  
1913 48 0x30 0
1914 32 0x20  
1915 48 0x30 0
1916 10 0x0a 

1917 50 0x32 2
1918 49 0x31 1
1919 32 0x20  
1920 48 0x30 0
1921 32 0x20  
1922 48 0x30 0
1923 10 0x0a 

1924 50 0x32 2
1925 49 0x31 1
1926 32 0x20  
1927 48 0x30 0
1928 32 0x20  
1929 48 0x30 0
1930 10 0x0a 

1931 50 0x32 2
1932 49 0x31 1
1933 32 0x20  
1934 48 0x30 0
1935 32 0x20  
1936 48 0x30 0
1937 10 0x0a 

1938 50 0x32 2
1939 53 0x35 5
1940 53 0x35 5
1941 32 0x20  
1942 50 0x32 2
1943 53 0x35 5
1944 53 0x35 5
1945 32 0x20  
1946 50 0x32 2
1947 53 0x35 5
1948 53 0x35 5
1949 10 0x0a 

1950 50 0x32 2
1951 53 0x35 5
1952 53 0x35 5
1953 32 0x20  
1954 50 0x32 2
1955 53 0x35 5
1956 53 0x35 5
1957 32 0x20  
1958 50 0x32 2
1959 53 0x35 5
1960 53 0x35 5
1961 10 0x0a 

1962 50 0x32 2
1963 53 0x35 5
1964 53 0x35 5
1965 32 0x20  
1966 50 0x32 2
1967 53 0x35 5
1968 53 0x35 5
1969 32 0x20  
1970 50 0x32 2
1971 53 0x35 5
1972 53 0x35 5
1973 10 0x0a 

1974 50 0x32 2
1975 53 0x35 5
1976 53 0x35 5
1977 32 0x20  
1978 50 0x32 2
1979 53 0x35 5
1980 53 0x35 5
1981 32 0x20  
1982 50 0x32 2
1983 53 0x35 5
1984 53 0x35 5
1985 10 0x0a 

1986 50 0x32 2
1987 53 0x35 5
1988 53 0x35 5
1989 32 0x20  
1990 55 0x37 7
1991 32 0x20  
1992 50 0x32 2
1993 53 0x35 5
1994 53 0x35 5
1995 10 0x0a 

1996 50 0x32 2
1997 53 0x35 5
1998 53 0x35 5
1999 32 0x20  
2000 54 0x36 6
2001 32 0x20  
2002 50 0x32 2
2003 53 0x35 5
2004 53 0x35 5
2005 10 0x0a 

2006 50 0x32 2
2007 53 0x35 5
2008 53 0x35 5
2009 32 0x20  
2010 50 0x32 2
2011 53 0x35 5
2012 53 0x35 5
2013 32 0x20  
2014 50 0x32 2
2015 53 0x35 5
2016 53 0x35 5
2017 10 0x0a 

2018 50 0x32 2
2019 53 0x35 5
2020 53 0x35 5
2021 32 0x20  
2022 50 0x32 2
2023 53 0x35 5
2024 53 0x35 5
2025 32 0x20  
2026 50 0x32 2
2027 53 0x35 5
2028 53 0x35 5
2029 10 0x0a 

2030 50 0x32 2
2031 53 0x35 5
2032 53 0x35 5
2033 32 0x20  
2034 51 0x33 3
2035 32 0x20  
2036 50 0x32 2
2037 53 0x35 5
2038 53 0x35 5
2039 10 0x0a 

2040 50 0x32 2
2041 53 0x35 5
2042 53 0x35 5
2043 32 0x20  
2044 50 0x32 2
2045 32 0x20  
2046 50 0x32 2
2047 53 0x35 5
2048 53 0x35 5
2049 10 0x0a 

2050 49 0x31 1
2051 53 0x35 5
2052 51 0x33 3
2053 32 0x20  
2054 48 0x30 0
2055 32 0x20  
2056 49 0x31 1
2057 53 0x35 5
2058 51 0x33 3
2059 10 0x0a 

2060 49 0x31 1
2061 53 0x35 5
2062 51 0x33 3
2063 32 0x20  
2064 48 0x30 0
2065 32 0x20  
2066 49 0x31 1
2067 53 0x35 5
2068 51 0x33 3
2069 10 0x0a 

2070 49 0x31 1
2071 53 0x35 5
2072 52 0x34 4
2073 32 0x20  
2074 49 0x31 1
2075 57 0x39 9
2076 56 0x38 8
2077 32 0x20  
2078 49 0x31 1
2079 53 0x35 5
2080 53 0x35 5
2081 10 0x0a 

2082 50 0x32 2
2083 49 0x31 1
2084 32 0x20  
2085 48 0x30 0
2086 32 0x20  
2087 48 0x30 0
2088 10 0x0a 

2089 50 0x32 2
2090 49 0x31 1
2091 32 0x20  
2092 48 0x30 0
2093 32 0x20  
2094 48 0x30 0
2095 10 0x0a 

2096 50 0x32 2
2097 49 0x31 1
2098 32 0x20  
2099 48 0x30 0
2100 32 0x20  
2101 48 0x30 0
2102 10 0x0a 

2103 49 0x31 1
2104 56 0x38 8
2105 53 0x35 5
2106 32 0x20  
2107 48 0x30 0
2108 32 0x20  
2109 49 0x31 1
2110 55 0x37 7
2111 55 0x37 7
2112 10 0x0a 

2113 50 0x32 2
2114 53 0x35 5
2115 53 0x35 5
2116 32 0x20  
2117 50 0x32 2
2118 53 0x35 5
2119 53 0x35 5
2120 32 0x20  
2121 50 0x32 2
2122 53 0x35 5
2123 53 0x35 5
2124 10 0x0a 

2125 50 0x32 2
2126 53 0x35 5
2127 53 0x35 5
2128 32 0x20  
2129 50 0x32 2
2130 53 0x35 5
2131 53 0x35 5
2132 32 0x20  
2133 50 0x32 2
2134 53 0x35 5
2135 53 0x35 5
2136 10 0x0a 

2137 50 0x32 2
2138 53 0x35 5
2139 53 0x35 5
2140 32 0x20  
2141 49 0x31 1
2142 48 0x30 0
2143 32 0x20  
2144 50 0x32 2
2145 53 0x35 5
2146 53 0x35 5
2147 10 0x0a 

2148 50 0x32 2
2149 53 0x35 5
2150 53 0x35 5
2151 32 0x20  
2152 50 0x32 2
2153 53 0x35 5
2154 53 0x35 5
2155 32 0x20  
2156 50 0x32 2
2157 53 0x35 5
2158 53 0x35 5
2159 10 0x0a 

2160 50 0x32 2
2161 53 0x35 5
2162 53 0x35 5
2163 32 0x20  
2164 55 0x37 7
2165 32 0x20  
2166 50 0x32 2
2167 53 0x35 5
2168 53 0x35 5
2169 10 0x0a 

2170 50 0x32 2
2171 53 0x35 5
2172 53 0x35 5
2173 32 0x20  
2174 53 0x35 5
2175 32 0x20  
2176 50 0x32 2
2177 53 0x35 5
2178 53 0x35 5
2179 10 0x0a 

2180 50 0x32 2
2181 53 0x35 5
2182 53 0x35 5
2183 32 0x20  
2184 50 0x32 2
2185 53 0x35 5
2186 53 0x35 5
2187 32 0x20  
2188 50 0x32 2
2189 53 0x35 5
2190 53 0x35 5
2191 10 0x0a 

2192 50 0x32 2
2193 53 0x35 5
2194 53 0x35 5
2195 32 0x20  
2196 50 0x32 2
2197 53 0x35 5
2198 53 0x35 5
2199 32 0x20  
2200 50 0x32 2
2201 53 0x35 5
2202 53 0x35 5
2203 10 0x0a 

2204 50 0x32 2
2205 53 0x35 5
2206 53 0x35 5
2207 32 0x20  
2208 50 0x32 2
2209 53 0x35 5
2210 53 0x35 5
2211 32 0x20  
2212 50 0x32 2
2213 53 0x35 5
2214 53 0x35 5
2215 10 0x0a 

2216 50 0x32 2
2217 53 0x35 5
2218 53 0x35 5
2219 32 0x20  
2220 50 0x32 2
2221 53 0x35 5
2222 53 0x35 5
2223 32 0x20  
2224 50 0x32 2
2225 53 0x35 5
2226 53 0x35 5
2227 10 0x0a 

2228 50 0x32 2
2229 53 0x35 5
2230 53 0x35 5
2231 32 0x20  
2232 49 0x31 1
2233 32 0x20  
2234 50 0x32 2
2235 53 0x35 5
2236 53 0x35 5
2237 10 0x0a 

2238 50 0x32 2
2239 53 0x35 5
2240 53 0x35 5
2241 32 0x20  
2242 49 0x31 1
2243 32 0x20  
2244 50 0x32 2
2245 53 0x35 5
2246 53 0x35 5
2247 10 0x0a 

2248 50 0x32 2
2249 49 0x31 1
2250 32 0x20  
2251 48 0x30 0
2252 32 0x20  
2253 48 0x30 0
2254 10 0x0a 

2255 50 0x32 2
2256 49 0x31 1
2257 32 0x20  
2258 48 0x30 0
2259 32 0x20  
2260 48 0x30 0
2261 10 0x0a 

2262 50 0x32 2
2263 49 0x31 1
2264 32 0x20  
2265 48 0x30 0
2266 32 0x20  
2267 48 0x30 0
2268 10 0x0a 

2269 50 0x32 2
2270 49 0x31 1
2271 32 0x20  
2272 48 0x30 0
2273 32 0x20  
2274 48 0x30 0
2275 10 0x0a 

2276 49 0x31 1
2277 56 0x38 8
2278 53 0x35 5
2279 32 0x20  
2280 48 0x30 0
2281 32 0x20  
2282 49 0x31 1
2283 55 0x37 7
2284 55 0x37 7
2285 10 0x0a 

2286 50 0x32 2
2287 53 0x35 5
2288 53 0x35 5
2289 32 0x20  
2290 50 0x32 2
2291 53 0x35 5
2292 53 0x35 5
2293 32 0x20  
2294 50 0x32 2
2295 53 0x35 5
2296 53 0x35 5
2297 10 0x0a 

2298 50 0x32 2
2299 53 0x35 5
2300 53 0x35 5
2301 32 0x20  
2302 50 0x32 2
2303 53 0x35 5
2304 53 0x35 5
2305 32 0x20  
2306 50 0x32 2
2307 53 0x35 5
2308 53 0x35 5
2309 10 0x0a 

2310 50 0x32 2
2311 53 0x35 5
2312 53 0x35 5
2313 32 0x20  
2314 49 0x31 1
2315 48 0x30 0
2316 32 0x20  
2317 50 0x32 2
2318 53 0x35 5
2319 53 0x35 5
2320 10 0x0a 

2321 50 0x32 2
2322 53 0x35 5
2323 53 0x35 5
2324 32 0x20  
2325 50 0x32 2
2326 53 0x35 5
2327 53 0x35 5
2328 32 0x20  
2329 50 0x32 2
2330 53 0x35 5
2331 53 0x35 5
2332 10 0x0a 

2333 50 0x32 2
2334 53 0x35 5
2335 53 0x35 5
2336 32 0x20  
2337 55 0x37 7
2338 32 0x20  
2339 50 0x32 2
2340 53 0x35 5
2341 53 0x35 5
2342 10 0x0a 

2343 50 0x32 2
2344 53 0x35 5
2345 53 0x35 5
2346 32 0x20  
2347 53 0x35 5
2348 32 0x20  
2349 50 0x32 2
2350 53 0x35 5
2351 53 0x35 5
2352 10 0x0a 

2353 50 0x32 2
2354 53 0x35 5
2355 53 0x35 5
2356 32 0x20  
2357 50 0x32 2
2358 53 0x35 5
2359 53 0x35 5
2360 32 0x20  
2361 50 0x32 2
2362 53 0x35 5
2363 53 0x35 5
2364 10 0x0a 

2365 50 0x32 2
2366 53 0x35 5
2367 53 0x35 5
2368 32 0x20  
2369 50 0x32 2
2370 53 0x35 5
2371 53 0x35 5
2372 32 0x20  
2373 50 0x32 2
2374 53 0x35 5
2375 53 0x35 5
2376 10 0x0a 

2377 50 0x32 2
2378 53 0x35 5
2379 53 0x35 5
2380 32 0x20  
2381 50 0x32 2
2382 53 0x35 5
2383 53 0x35 5
2384 32 0x20  
2385 50 0x32 2
2386 53 0x35 5
2387 53 0x35 5
2388 10 0x0a 

2389 50 0x32 2
2390 53 0x35 5
2391 53 0x35 5
2392 32 0x20  
2393 50 0x32 2
2394 32 0x20  
2395 50 0x32 2
2396 53 0x35 5
2397 53 0x35 5
2398 10 0x0a 

2399 56 0x38 8
2400 50 0x32 2
2401 32 0x20  
2402 49 0x31 1
2403 48 0x30 0
2404 53 0x35 5
2405 32 0x20  
2406 56 0x38 8
2407 50 0x32 2
2408 10 0x0a 

